.Random.seed <-
c(403L, 10L, 358587125L, -1818466420L, 423323234L, 960772669L, 
142861495L, -1991238818L, 338198168L, 1713307131L, 405659545L, 
961894440L, 359629014L, 1583121745L, 866055171L, 1207286674L, 
484350244L, -184868889L, 1264288829L, 559993524L, -1028857574L, 
-1446931867L, 477804287L, -1886901370L, -1243583216L, 1485522355L, 
-1288997295L, 1336030720L, -944434466L, -1170931415L, 1368009947L, 
-388506646L, 1398385548L, -1361253169L, 1671222405L, 609083196L, 
-1162273262L, 509607181L, 1995130439L, 737901614L, 1319231880L, 
1865791627L, 2047775337L, 1290440248L, -1449163034L, -713006463L, 
1952501267L, -343246398L, -159075724L, 431035511L, -1877836435L, 
-1511448060L, 1882079530L, -2062846315L, -398238417L, 893642806L, 
-1951286176L, 1675752099L, 1227023809L, -742657616L, 2094313678L, 
-2067485127L, 1941000267L, 279618042L, -314893060L, 195719487L, 
1248284181L, -2069082836L, -431686142L, -1732156195L, 931545047L, 
-915432770L, -698704648L, -424639781L, -1067255495L, 357022856L, 
-1894151114L, 904943729L, 1149184675L, 1662865394L, 997466948L, 
-384324601L, 1964640733L, -1408780588L, 1076484602L, 588346693L, 
-556818017L, -703724762L, -1422582864L, -558069677L, -51248271L, 
-2097605984L, 854001214L, -1983500983L, 1853338619L, -1639024694L, 
329640236L, 1303799087L, -1980470299L, -76811620L, 1607562994L, 
1896228717L, -123113305L, 1592152782L, -1729519576L, -1250714581L, 
1242066505L, 113543000L, -1507094010L, 902396897L, -616638093L, 
-812213790L, 1271143764L, -1241295785L, -1004070835L, 1409719268L, 
23222730L, -809459659L, -1117864305L, 1755942806L, 1741706048L, 
-717677053L, 1659159585L, 1345169168L, -43131666L, -804371303L, 
2098811179L, -1981536230L, -785767716L, 806978271L, -364757835L, 
-195503540L, 2072766114L, -1590751747L, 357000951L, 1347661854L, 
2119639768L, 588482107L, 1490449369L, 1848033640L, -1598957418L, 
1213371921L, -606179389L, -1383795758L, 1394978404L, 269735L, 
-1272343811L, 931686132L, 18526682L, -364276443L, 1464759359L, 
453723078L, 31084624L, 90348659L, 1959751825L, 1145540800L, -418899298L, 
-684984727L, -1450047845L, 19737514L, -559951924L, 850133647L, 
934210245L, -691780996L, 2136510162L, -645084595L, -123566329L, 
333662958L, 1564942280L, 348020939L, 2119598377L, -905619080L, 
-1332220250L, 157767873L, -596086445L, -904913406L, 1752680244L, 
-1107581769L, 1607554221L, 1657713092L, -968781334L, 1232408149L, 
-2055176209L, 116649974L, -519853792L, -2069084445L, -1386782847L, 
1569810928L, -1464444786L, 217210873L, 999880075L, -2100801094L, 
-1344843588L, -1906592769L, 403489109L, 845789804L, -306622782L, 
2101180701L, 132280215L, 1383836414L, -946351944L, -195806565L, 
-1827579655L, 954714696L, 1689621878L, 1219798193L, 1121732835L, 
1643694002L, 670644228L, -115356857L, -1144765923L, -666347372L, 
588871738L, -743441787L, 1870998367L, -1703255066L, -268833168L, 
-634781293L, -861673935L, 1146813664L, 1890372990L, -1565958135L, 
-248385477L, 291896842L, -1213772308L, 1812611695L, 420056485L, 
-830190244L, 256536882L, 51144122L, 773693968L, 728871660L, -2029395628L, 
1816518930L, 383274400L, 857801420L, -987062688L, 345634754L, 
-1695152344L, 1943236524L, -1950694596L, 1191962994L, -710583504L, 
2123549988L, 1183902520L, 1202355930L, -1711093872L, -579023108L, 
214051732L, 822509634L, 662500608L, -218627012L, -728989360L, 
-374812510L, -2022670008L, -1574480116L, 708977372L, 960933202L, 
1044366464L, 483901524L, 730468328L, 1985579258L, -327554224L, 
-1637875924L, -523777676L, 1022782354L, -260749216L, 1369763212L, 
-1835541664L, 649583074L, -517950552L, -2015873844L, 1763123196L, 
946578866L, 398431728L, -1169404988L, -1410054824L, -740959878L, 
1923810224L, 2091526588L, 2079234132L, -1934018622L, -1834356704L, 
-1922213700L, -508087728L, 1868329954L, 1569865832L, 257295436L, 
1251686652L, 811731954L, -1375483648L, -511549068L, -875320312L, 
439689146L, 1281667536L, -1598374932L, 147898772L, 1396920786L, 
919826784L, -732434612L, 2028075296L, -1119879294L, -270536984L, 
-1236188948L, -1300892612L, 981138290L, -1305190800L, 571036708L, 
267873080L, 100986010L, 329659088L, 35659964L, -1494028652L, 
-633334142L, 628730048L, -61791428L, 219700368L, -1916002782L, 
1752961032L, 1578663180L, 1841802396L, 1720974866L, 66518912L, 
1060605460L, -1827886552L, -206392006L, 9669072L, 527201388L, 
-1693087436L, -1822181742L, -465007776L, -1310256308L, 2134808544L, 
2120431522L, -1732327512L, -616059508L, -1028446020L, -265385614L, 
918500592L, 219271236L, 1319428440L, -1503353286L, -764626064L, 
854505532L, 1200127764L, -82401854L, -1110639904L, 1800025980L, 
516226768L, 1365964962L, -1218900952L, -1881586420L, 1767327676L, 
110233906L, 1254836672L, -1716581836L, -1752384568L, -944949062L, 
1123707280L, 734327276L, 318054996L, 159273106L, -22827232L, 
1554246092L, -1921935904L, 1969632962L, -1175796696L, -1494232404L, 
-78183236L, -1570207246L, 333156656L, 437802148L, -1643043144L, 
-1968456358L, -1261275760L, 1797493628L, 1785202964L, 1029825346L, 
-2008458496L, 1907439548L, -27320496L, 955613986L, -536404664L, 
-599389684L, 181397596L, -859407150L, -251577856L, -1318974124L, 
-1207289368L, 473443322L, 1594556624L, 918031660L, 335536884L, 
-1044498030L, -89336736L, 1777116428L, -311274784L, 77678946L, 
116382376L, -983711156L, -730320516L, -1963072206L, 1996034160L, 
592824132L, 1078140376L, 83324026L, -594317776L, -2089080132L, 
-157491372L, -204319678L, -2008375904L, -1547638084L, 969734608L, 
-314106526L, -1479028760L, -71202868L, -1720922372L, 777208306L, 
1526876288L, -943758092L, 1295156872L, 25614138L, -1505258672L, 
-98302356L, -899170156L, 207827282L, -1403060512L, -1635233076L, 
387174560L, -954418302L, -959966488L, 669594348L, -588047300L, 
1993609842L, -919956368L, 1259660836L, 1291125816L, -893413350L, 
1158027984L, 1520751676L, 1073890452L, 1497300098L, 1968031680L, 
-1770776260L, 11227792L, -176567262L, -860101624L, 1836238988L, 
1286331420L, -1823672686L, -160390016L, -1701367788L, -785349336L, 
488410682L, 1311573200L, 1996166252L, -1063966941L, 1282323685L, 
-147730174L, -969555088L, -666207463L, 6740747L, -1864767492L, 
-1175722966L, -100669345L, -1875034135L, -2054889218L, -826846996L, 
-1909214147L, -177584121L, -1164356624L, 1417486222L, -334299717L, 
-1485153379L, 1912267082L, 1282779496L, -1885823151L, 1830313027L, 
864437572L, -2019555854L, 312741831L, -511381103L, 930972950L, 
92323188L, -523011067L, 599542863L, -590782392L, 767743462L, 
-1171887341L, -1098642315L, 1181005394L, -1289072480L, -99014263L, 
-1230984773L, -13326836L, -1758232678L, -108157169L, -1199923879L, 
240801774L, 1996111484L, -1670101267L, 970224023L, 1747114592L, 
-637284290L, 1642313995L, 1346337677L, -694224710L, 1103462136L, 
1664873633L, -86888365L, 1614027636L, -474453758L, -15365737L, 
422556513L, -232609882L, 1561436580L, -1804273579L, -803050241L, 
617886104L, -1571026250L, -1190952125L, 1950973573L, 1715032866L, 
1724852240L, -1113173063L, 952939627L, 2082604892L, 1867767434L, 
1231039103L, -1952525367L, 2048938078L, -846367988L, -2090599715L, 
-139848729L, -1404426224L, 1106371886L, -2122270245L, 398286525L, 
-2117284822L, -1692021560L, 388598257L, 1435682659L, 1972322148L, 
36361874L, 314061671L, 186228017L, -1968818570L, 741590932L, 
-626371675L, 1741530287L, -2073601688L, -155360954L, 1754822899L, 
865945173L, -192009678L, -1180002304L, 310340841L, -668939429L, 
35048876L, 1034458554L, -1779174545L, -290282247L, 235452814L, 
-550966180L, 1253719757L, 1091402295L, -1568059200L, 987905950L, 
1807377515L, -730479635L, -1916500390L, 1580026136L, 17364609L, 
-609006541L, -1255957932L, 1804004962L, -653254409L, -2027015359L, 
198109638L, 1799049988L, -1647618379L, 2128077215L, 1467555320L, 
-2057833514L, 1522912867L, 1750502949L, -1457324606L, 1749168816L, 
-248579367L, -103220149L, -1849531716L, -426925846L, -790659809L, 
-1498585687L, 787972926L, -1676288468L, 189951101L, 673740487L, 
-836784208L, -1711955506L, 670333691L, -431429283L, -289809782L, 
1005201576L, -1496392687L, -95564541L, -1208696828L, -88674254L, 
